0000 1
0001 5
0002 4
0003 6
0004 4
0005 6
0006 6
0007 4
0008 6
0009 4
0010 5
0011 4
0012 3
0013 3
0014 7
0015 7
0016 7
0017 3
0018 3
0019 4
0020 4
0021 3
0022 6
0023 5
0024 2
0025 7
0026 1
0027 5
0028 6
0029 3
0030 6
0031 3
0032 5
0033 6
0034 3
0035 5
0036 3
0037 6
0038 5
0039 3
0040 4
0041 7
0042 2
0043 3
0044 4
0045 5
0046 4
0047 3
0048 2
0049 7
0050 6
0051 7
0052 7
0053 5
0054 5
0055 5
0056 5
0057 5
0058 7
0059 7
0060 6
0061 7
0062 1
0063 3
0064 4
0065 5
0066 4
0067 3
0068 2
0069 7
0070 4
0071 3
0072 5
0073 6
0074 3
0075 5
0076 3
0077 6
0078 5
0079 3
0080 6
0081 3
0082 6
0083 5
0084 2
0085 7
0086 2
0087 5
0088 6
0089 3
0090 4
0091 4
0092 3
0093 3
0094 7
0095 7
0096 7
0097 3
0098 3
0099 4
0100 5
0101 4
0102 3
0103 3
0104 7
0105 7
0106 7
0107 3
0108 3
0109 4
0110 4
0111 5
0112 4
0113 6
0114 4
0115 6
0116 6
0117 4
0118 6
0119 4
0120 3
0121 4
0122 3
0123 3
0124 7
0125 7
0126 7
0127 3
0128 3
0129 4
0130 3
0131 6
0132 3
0133 5
0134 2
0135 7
0136 1
0137 5
0138 6
0139 3
0140 7
0141 4
0142 7
0143 2
0144 3
0145 5
0146 3
0147 6
0148 5
0149 3
0150 7
0151 6
0152 7
0153 7
0154 5
0155 5
0156 4
0157 3
0158 2
0159 7
0160 7
0161 6
0162 7
0163 1
0164 3
0165 4
0166 5
0167 5
0168 7
0169 7
0170 3
0171 4
0172 3
0173 5
0174 6
0175 3
0176 5
0177 3
0178 2
0179 7
0180 3
0181 6
0182 3
0183 6
0184 5
0185 2
0186 7
0187 2
0188 5
0189 3
0190 4
0191 4
0192 4
0193 3
0194 3
0195 7
0196 7
0197 7
0198 3
0199 3
0200 4
0201 3
0202 6
0203 5
0204 2
0205 7
0206 1
0207 5
0208 6
0209 3
0210 3
0211 4
0212 3
0213 3
0214 7
0215 7
0216 7
0217 3
0218 3
0219 4
0220 6
0221 3
0222 4
0223 6
0224 4
0225 6
0226 6
0227 4
0228 6
0229 4
0230 5
0231 3
0232 6
0233 3
0234 7
0235 7
0236 7
0237 3
0238 3
0239 4
0240 2
0241 7
0242 4
0243 7
0244 2
0245 7
0246 1
0247 5
0248 6
0249 3
0250 7
0251 7
0252 6
0253 7
0254 7
0255 5
0256 3
0257 6
0258 5
0259 3
0260 1
0261 7
0262 6
0263 7
0264 1
0265 3
0266 4
0267 3
0268 2
0269 7
0270 5
0271 3
0272 4
0273 3
0274 5
0275 6
0276 3
0277 5
0278 7
0279 7
0280 6
0281 3
0282 6
0283 3
0284 6
0285 5
0286 2
0287 7
0288 2
0289 7
0290 3
0291 4
0292 4
0293 4
0294 3
0295 3
0296 7
0297 7
0298 7
0299 3
0300 6
0301 3
0302 5
0303 6
0304 3
0305 5
0306 3
0307 6
0308 5
0309 3
0310 3
0311 6
0312 3
0313 5
0314 2
0315 7
0316 1
0317 5
0318 6
0319 3
0320 5
0321 3
0322 6
0323 3
0324 7
0325 7
0326 7
0327 3
0328 3
0329 4
0330 6
0331 5
0332 3
0333 6
0334 4
0335 6
0336 6
0337 4
0338 6
0339 4
0340 3
0341 2
0342 7
0343 4
0344 7
0345 7
0346 7
0347 3
0348 3
0349 4
0350 5
0351 7
0352 7
0353 6
0354 7
0355 7
0356 1
0357 5
0358 6
0359 3
0360 3
0361 1
0362 7
0363 6
0364 7
0365 1
0366 3
0367 6
0368 5
0369 3
0370 6
0371 5
0372 3
0373 4
0374 3
0375 5
0376 6
0377 3
0378 2
0379 7
0380 5
0381 6
0382 3
0383 6
0384 3
0385 6
0386 5
0387 2
0388 7
0389 7
0390 3
0391 3
0392 4
0393 4
0394 4
0395 3
0396 3
0397 7
0398 7
0399 7
0400 4
0401 7
0402 2
0403 3
0404 4
0405 5
0406 4
0407 3
0408 2
0409 7
0410 7
0411 4
0412 7
0413 2
0414 3
0415 5
0416 3
0417 6
0418 5
0419 3
0420 2
0421 7
0422 4
0423 7
0424 2
0425 7
0426 1
0427 5
0428 6
0429 3
0430 3
0431 2
0432 7
0433 4
0434 7
0435 7
0436 7
0437 3
0438 3
0439 4
0440 4
0441 3
0442 2
0443 7
0444 4
0445 6
0446 6
0447 4
0448 6
0449 4
0450 5
0451 5
0452 7
0453 7
0454 6
0455 7
0456 7
0457 3
0458 3
0459 4
0460 4
0461 3
0462 1
0463 7
0464 6
0465 7
0466 1
0467 5
0468 6
0469 3
0470 3
0471 6
0472 5
0473 3
0474 4
0475 3
0476 5
0477 6
0478 5
0479 3
0480 2
0481 5
0482 6
0483 3
0484 6
0485 3
0486 6
0487 5
0488 2
0489 7
0490 7
0491 3
0492 3
0493 4
0494 4
0495 4
0496 3
0497 3
0498 7
0499 7
0500 6
0501 7
0502 7
0503 5
0504 5
0505 5
0506 5
0507 5
0508 7
0509 7
0510 7
0511 6
0512 7
0513 7
0514 5
0515 5
0516 4
0517 3
0518 2
0519 7
0520 7
0521 7
0522 6
0523 7
0524 7
0525 5
0526 3
0527 6
0528 5
0529 3
0530 5
0531 7
0532 7
0533 6
0534 7
0535 7
0536 1
0537 5
0538 6
0539 3
0540 5
0541 5
0542 7
0543 7
0544 6
0545 7
0546 7
0547 3
0548 3
0549 4
0550 5
0551 5
0552 5
0553 7
0554 7
0555 6
0556 6
0557 4
0558 6
0559 4
0560 5
0561 4
0562 3
0563 1
0564 7
0565 6
0566 7
0567 3
0568 3
0569 4
0570 5
0571 3
0572 6
0573 5
0574 3
0575 4
0576 3
0577 5
0578 6
0579 3
0580 7
0581 2
0582 5
0583 6
0584 3
0585 6
0586 3
0587 6
0588 5
0589 3
0590 7
0591 7
0592 3
0593 3
0594 4
0595 4
0596 4
0597 3
0598 3
0599 7
0600 6
0601 7
0602 1
0603 3
0604 4
0605 5
0606 4
0607 3
0608 2
0609 7
0610 7
0611 6
0612 7
0613 1
0614 3
0615 4
0616 5
0617 5
0618 7
0619 7
0620 1
0621 7
0622 6
0623 7
0624 1
0625 3
0626 4
0627 3
0628 2
0629 7
0630 3
0631 1
0632 7
0633 6
0634 7
0635 1
0636 3
0637 6
0638 5
0639 3
0640 4
0641 3
0642 1
0643 7
0644 6
0645 7
0646 1
0647 5
0648 6
0649 3
0650 5
0651 4
0652 3
0653 1
0654 7
0655 6
0656 7
0657 3
0658 3
0659 4
0660 4
0661 5
0662 4
0663 3
0664 1
0665 7
0666 6
0667 4
0668 6
0669 4
0670 3
0671 5
0672 3
0673 6
0674 5
0675 3
0676 4
0677 3
0678 3
0679 4
0680 2
0681 7
0682 2
0683 5
0684 6
0685 3
0686 6
0687 3
0688 6
0689 3
0690 7
0691 7
0692 7
0693 3
0694 3
0695 4
0696 4
0697 4
0698 3
0699 3
0700 4
0701 3
0702 5
0703 6
0704 3
0705 5
0706 3
0707 6
0708 5
0709 3
0710 3
0711 4
0712 3
0713 5
0714 6
0715 3
0716 5
0717 3
0718 2
0719 7
0720 5
0721 3
0722 4
0723 3
0724 5
0725 6
0726 3
0727 5
0728 7
0729 7
0730 6
0731 5
0732 3
0733 4
0734 3
0735 5
0736 6
0737 3
0738 2
0739 7
0740 3
0741 6
0742 5
0743 3
0744 4
0745 3
0746 5
0747 6
0748 5
0749 3
0750 5
0751 3
0752 6
0753 5
0754 3
0755 4
0756 3
0757 5
0758 6
0759 3
0760 3
0761 5
0762 3
0763 6
0764 5
0765 3
0766 4
0767 3
0768 3
0769 4
0770 6
0771 3
0772 5
0773 3
0774 6
0775 5
0776 3
0777 4
0778 6
0779 4
0780 5
0781 2
0782 7
0783 2
0784 5
0785 6
0786 3
0787 6
0788 3
0789 4
0790 3
0791 7
0792 7
0793 7
0794 3
0795 3
0796 4
0797 4
0798 4
0799 3
0800 6
0801 3
0802 6
0803 5
0804 2
0805 7
0806 2
0807 5
0808 6
0809 3
0810 3
0811 6
0812 3
0813 6
0814 5
0815 2
0816 7
0817 2
0818 5
0819 3
0820 6
0821 3
0822 6
0823 3
0824 6
0825 5
0826 2
0827 7
0828 2
0829 7
0830 5
0831 6
0832 3
0833 6
0834 3
0835 6
0836 5
0837 2
0838 7
0839 7
0840 2
0841 5
0842 6
0843 3
0844 6
0845 3
0846 6
0847 5
0848 2
0849 7
0850 7
0851 2
0852 5
0853 6
0854 3
0855 6
0856 3
0857 6
0858 5
0859 3
0860 2
0861 7
0862 2
0863 5
0864 6
0865 3
0866 6
0867 3
0868 6
0869 3
0870 5
0871 2
0872 7
0873 2
0874 5
0875 6
0876 3
0877 6
0878 3
0879 4
0880 6
0881 5
0882 2
0883 7
0884 2
0885 5
0886 6
0887 3
0888 6
0889 4
0890 3
0891 3
0892 7
0893 7
0894 7
0895 3
0896 3
0897 4
0898 4
0899 4
0900 4
0901 4
0902 3
0903 3
0904 7
0905 7
0906 7
0907 3
0908 3
0909 4
0910 4
0911 4
0912 4
0913 3
0914 3
0915 7
0916 7
0917 7
0918 3
0919 3
0920 3
0921 4
0922 4
0923 4
0924 3
0925 3
0926 7
0927 7
0928 7
0929 3
0930 3
0931 3
0932 4
0933 4
0934 4
0935 3
0936 3
0937 7
0938 7
0939 7
0940 7
0941 3
0942 3
0943 4
0944 4
0945 4
0946 3
0947 3
0948 7
0949 7
0950 7
0951 7
0952 3
0953 3
0954 4
0955 4
0956 4
0957 3
0958 3
0959 7
0960 7
0961 7
0962 7
0963 3
0964 3
0965 4
0966 4
0967 4
0968 3
0969 3
0970 3
0971 7
0972 7
0973 7
0974 3
0975 3
0976 4
0977 4
0978 4
0979 3
0980 3
0981 3
0982 7
0983 7
0984 7
0985 3
0986 3
0987 4
0988 4
0989 4
0990 4
0991 3
0992 3
0993 7
0994 7
0995 7
0996 3
0997 3
0998 4
0999 4
1000 5
1001 4
1002 3
1003 3
1004 7
1005 7
1006 7
1007 3
1008 3
1009 4
1010 4
1011 5
1012 4
1013 6
1014 4
1015 6
1016 6
1017 4
1018 6
1019 4
1020 3
1021 4
1022 3
1023 3
1024 7
1025 7
1026 7
1027 3
1028 3
1029 4
1030 3
1031 6
1032 3
1033 5
1034 2
1035 7
1036 1
1037 5
1038 6
1039 3
1040 7
1041 4
1042 7
1043 2
1044 3
1045 5
1046 3
1047 6
1048 5
1049 3
1050 7
1051 6
1052 7
1053 7
1054 5
1055 5
1056 4
1057 3
1058 2
1059 7
1060 7
1061 6
1062 7
1063 1
1064 3
1065 4
1066 5
1067 5
1068 7
1069 7
1070 3
1071 4
1072 3
1073 5
1074 6
1075 3
1076 5
1077 3
1078 2
1079 7
1080 3
1081 6
1082 3
1083 6
1084 5
1085 2
1086 7
1087 2
1088 5
1089 3
1090 4
1091 4
1092 4
1093 3
1094 3
1095 7
1096 7
1097 7
1098 3
1099 3
1100 4
1101 5
1102 4
1103 6
1104 4
1105 6
1106 6
1107 4
1108 6
1109 4
1110 5
1111 1
1112 5
1113 4
1114 6
1115 4
1116 6
1117 6
1118 4
1119 6
1120 4
1121 5
1122 4
1123 3
1124 3
1125 7
1126 7
1127 7
1128 3
1129 3
1130 6
1131 4
1132 3
1133 6
1134 5
1135 2
1136 7
1137 1
1138 5
1139 6
1140 4
1141 6
1142 3
1143 5
1144 6
1145 3
1146 5
1147 3
1148 6
1149 5
1150 6
1151 4
1152 7
1153 2
1154 3
1155 4
1156 5
1157 4
1158 3
1159 2
1160 6
1161 6
1162 7
1163 7
1164 5
1165 5
1166 5
1167 5
1168 5
1169 7
1170 4
1171 6
1172 7
1173 1
1174 3
1175 4
1176 5
1177 4
1178 3
1179 2
1180 6
1181 4
1182 3
1183 5
1184 6
1185 3
1186 5
1187 3
1188 6
1189 5
1190 4
1191 6
1192 3
1193 6
1194 5
1195 2
1196 7
1197 2
1198 5
1199 6
1200 3
1201 4
1202 3
1203 3
1204 7
1205 7
1206 7
1207 3
1208 3
1209 4
1210 4
1211 5
1212 4
1213 3
1214 3
1215 7
1216 7
1217 7
1218 3
1219 3
1220 3
1221 4
1222 5
1223 4
1224 6
1225 4
1226 6
1227 6
1228 4
1229 6
1230 3
1231 3
1232 4
1233 3
1234 3
1235 7
1236 7
1237 7
1238 3
1239 3
1240 7
1241 3
1242 6
1243 3
1244 5
1245 2
1246 7
1247 1
1248 5
1249 6
1250 7
1251 7
1252 4
1253 7
1254 2
1255 3
1256 5
1257 3
1258 6
1259 5
1260 7
1261 7
1262 6
1263 7
1264 7
1265 5
1266 5
1267 4
1268 3
1269 2
1270 3
1271 7
1272 6
1273 7
1274 1
1275 3
1276 4
1277 5
1278 5
1279 7
1280 3
1281 3
1282 4
1283 3
1284 5
1285 6
1286 3
1287 5
1288 3
1289 2
1290 4
1291 3
1292 6
1293 3
1294 6
1295 5
1296 2
1297 7
1298 2
1299 5
1300 3
1301 6
1302 3
1303 5
1304 2
1305 7
1306 1
1307 5
1308 6
1309 3
1310 6
1311 4
1312 3
1313 6
1314 5
1315 2
1316 7
1317 1
1318 5
1319 6
1320 3
1321 3
1322 4
1323 3
1324 3
1325 7
1326 7
1327 7
1328 3
1329 3
1330 5
1331 6
1332 3
1333 4
1334 6
1335 4
1336 6
1337 6
1338 4
1339 6
1340 2
1341 5
1342 3
1343 6
1344 3
1345 7
1346 7
1347 7
1348 3
1349 3
1350 7
1351 2
1352 7
1353 4
1354 7
1355 2
1356 7
1357 1
1358 5
1359 6
1360 1
1361 7
1362 7
1363 6
1364 7
1365 7
1366 5
1367 3
1368 6
1369 5
1370 5
1371 1
1372 7
1373 6
1374 7
1375 1
1376 3
1377 4
1378 3
1379 2
1380 6
1381 5
1382 3
1383 4
1384 3
1385 5
1386 6
1387 3
1388 5
1389 7
1390 3
1391 6
1392 3
1393 6
1394 3
1395 6
1396 5
1397 2
1398 7
1399 2
1400 7
1401 4
1402 7
1403 2
1404 3
1405 5
1406 3
1407 6
1408 5
1409 3
1410 4
1411 6
1412 3
1413 5
1414 6
1415 3
1416 5
1417 3
1418 6
1419 5
1420 7
1421 3
1422 6
1423 3
1424 5
1425 2
1426 7
1427 1
1428 5
1429 6
1430 2
1431 5
1432 3
1433 6
1434 3
1435 7
1436 7
1437 7
1438 3
1439 3
1440 3
1441 6
1442 5
1443 3
1444 6
1445 4
1446 6
1447 6
1448 4
1449 6
1450 5
1451 3
1452 2
1453 7
1454 4
1455 7
1456 7
1457 7
1458 3
1459 3
1460 3
1461 5
1462 7
1463 7
1464 6
1465 7
1466 7
1467 1
1468 5
1469 6
1470 6
1471 3
1472 1
1473 7
1474 6
1475 7
1476 1
1477 3
1478 6
1479 5
1480 5
1481 6
1482 5
1483 3
1484 4
1485 3
1486 5
1487 6
1488 3
1489 2
1490 3
1491 5
1492 6
1493 3
1494 6
1495 3
1496 6
1497 5
1498 2
1499 7
1500 7
1501 6
1502 7
1503 7
1504 5
1505 5
1506 4
1507 3
1508 2
1509 7
1510 6
1511 4
1512 7
1513 2
1514 3
1515 4
1516 5
1517 4
1518 3
1519 2
1520 7
1521 7
1522 4
1523 7
1524 2
1525 3
1526 5
1527 3
1528 6
1529 5
1530 7
1531 2
1532 7
1533 4
1534 7
1535 2
1536 7
1537 1
1538 5
1539 6
1540 5
1541 3
1542 2
1543 7
1544 4
1545 7
1546 7
1547 7
1548 3
1549 3
1550 5
1551 4
1552 3
1553 2
1554 7
1555 4
1556 6
1557 6
1558 4
1559 6
1560 4
1561 5
1562 5
1563 7
1564 7
1565 6
1566 7
1567 7
1568 3
1569 3
1570 3
1571 4
1572 3
1573 1
1574 7
1575 6
1576 7
1577 1
1578 5
1579 6
1580 2
1581 3
1582 6
1583 5
1584 3
1585 4
1586 3
1587 5
1588 6
1589 5
1590 7
1591 2
1592 5
1593 6
1594 3
1595 6
1596 3
1597 6
1598 5
1599 2
1600 7
1601 6
1602 7
1603 1
1604 3
1605 4
1606 5
1607 5
1608 7
1609 7
1610 6
1611 6
1612 7
1613 7
1614 5
1615 5
1616 5
1617 5
1618 5
1619 7
1620 7
1621 7
1622 6
1623 7
1624 7
1625 5
1626 5
1627 4
1628 3
1629 2
1630 1
1631 7
1632 7
1633 6
1634 7
1635 7
1636 5
1637 3
1638 6
1639 5
1640 3
1641 5
1642 7
1643 7
1644 6
1645 7
1646 7
1647 1
1648 5
1649 6
1650 4
1651 5
1652 5
1653 7
1654 7
1655 6
1656 7
1657 7
1658 3
1659 3
1660 5
1661 5
1662 5
1663 5
1664 7
1665 7
1666 6
1667 6
1668 4
1669 6
1670 5
1671 5
1672 4
1673 3
1674 1
1675 7
1676 6
1677 7
1678 3
1679 3
1680 7
1681 5
1682 3
1683 6
1684 5
1685 3
1686 4
1687 3
1688 5
1689 6
1690 7
1691 7
1692 2
1693 5
1694 6
1695 3
1696 6
1697 3
1698 6
1699 5
1700 3
1701 4
1702 3
1703 5
1704 6
1705 3
1706 5
1707 3
1708 2
1709 7
1710 4
1711 6
1712 7
1713 1
1714 3
1715 4
1716 5
1717 4
1718 3
1719 2
1720 3
1721 7
1722 6
1723 7
1724 1
1725 3
1726 4
1727 5
1728 5
1729 7
1730 5
1731 1
1732 7
1733 6
1734 7
1735 1
1736 3
1737 4
1738 3
1739 2
1740 6
1741 3
1742 1
1743 7
1744 6
1745 7
1746 1
1747 3
1748 6
1749 5
1750 3
1751 4
1752 3
1753 1
1754 7
1755 6
1756 7
1757 1
1758 5
1759 6
1760 5
1761 5
1762 4
1763 3
1764 1
1765 7
1766 6
1767 7
1768 3
1769 3
1770 3
1771 4
1772 5
1773 4
1774 3
1775 1
1776 7
1777 6
1778 4
1779 6
1780 2
1781 3
1782 5
1783 3
1784 6
1785 5
1786 3
1787 4
1788 3
1789 3
1790 7
1791 2
1792 7
1793 2
1794 5
1795 6
1796 3
1797 6
1798 3
1799 6
1800 3
1801 6
1802 3
1803 6
1804 5
1805 2
1806 7
1807 2
1808 5
1809 3
1810 6
1811 4
1812 3
1813 5
1814 6
1815 3
1816 5
1817 3
1818 6
1819 5
1820 3
1821 3
1822 4
1823 3
1824 5
1825 6
1826 3
1827 5
1828 3
1829 2
1830 6
1831 5
1832 3
1833 4
1834 3
1835 5
1836 6
1837 3
1838 5
1839 7
1840 5
1841 6
1842 5
1843 3
1844 4
1845 3
1846 5
1847 6
1848 3
1849 2
1850 2
1851 3
1852 6
1853 5
1854 3
1855 4
1856 3
1857 5
1858 6
1859 5
1860 7
1861 5
1862 3
1863 6
1864 5
1865 3
1866 4
1867 3
1868 5
1869 6
1870 2
1871 3
1872 5
1873 3
1874 6
1875 5
1876 3
1877 4
1878 3
1879 3
1880 5
1881 6
1882 3
1883 5
1884 3
1885 6
1886 5
1887 3
1888 4
1889 6
1890 3
1891 5
1892 2
1893 7
1894 2
1895 5
1896 6
1897 3
1898 6
1899 3
1900 4
1901 4
1902 4
1903 3
1904 3
1905 7
1906 7
1907 7
1908 3
1909 3
1910 4
1911 6
1912 3
1913 6
1914 5
1915 2
1916 7
1917 2
1918 5
1919 6
1920 4
1921 3
1922 6
1923 3
1924 6
1925 5
1926 2
1927 7
1928 2
1929 5
1930 3
1931 6
1932 3
1933 6
1934 3
1935 6
1936 5
1937 2
1938 7
1939 2
1940 3
1941 5
1942 6
1943 3
1944 6
1945 3
1946 6
1947 5
1948 2
1949 7
1950 7
1951 2
1952 5
1953 6
1954 3
1955 6
1956 3
1957 6
1958 5
1959 2
1960 7
1961 7
1962 2
1963 5
1964 6
1965 3
1966 6
1967 3
1968 6
1969 5
1970 7
1971 2
1972 7
1973 2
1974 5
1975 6
1976 3
1977 6
1978 3
1979 6
1980 3
1981 5
1982 2
1983 7
1984 2
1985 5
1986 6
1987 3
1988 6
1989 3
1990 3
1991 6
1992 5
1993 2
1994 7
1995 2
1996 5
1997 6
1998 3
1999 6
2000 4
2001 3
2002 6
2003 5
2004 2
2005 7
2006 1
2007 5
2008 6
2009 3
2010 3
2011 4
2012 3
2013 3
2014 7
2015 7
2016 7
2017 3
2018 3
2019 4
2020 6
2021 3
2022 4
2023 6
2024 4
2025 6
2026 6
2027 4
2028 6
2029 4
2030 5
2031 3
2032 6
2033 3
2034 7
2035 7
2036 7
2037 3
2038 3
2039 4
2040 2
2041 7
2042 4
2043 7
2044 2
2045 7
2046 1
2047 5
2048 6
2049 3
2050 7
2051 7
2052 6
2053 7
2054 7
2055 5
2056 3
2057 6
2058 5
2059 3
2060 1
2061 7
2062 6
2063 7
2064 1
2065 3
2066 4
2067 3
2068 2
2069 7
2070 5
2071 3
2072 4
2073 3
2074 5
2075 6
2076 3
2077 5
2078 7
2079 7
2080 6
2081 3
2082 6
2083 3
2084 6
2085 5
2086 2
2087 7
2088 2
2089 7
2090 3
2091 4
2092 4
2093 4
2094 3
2095 3
2096 7
2097 7
2098 7
2099 3
2100 3
2101 4
2102 3
2103 3
2104 7
2105 7
2106 7
2107 3
2108 3
2109 4
2110 4
2111 5
2112 4
2113 3
2114 3
2115 7
2116 7
2117 7
2118 3
2119 3
2120 3
2121 4
2122 5
2123 4
2124 6
2125 4
2126 6
2127 6
2128 4
2129 6
2130 3
2131 3
2132 4
2133 3
2134 3
2135 7
2136 7
2137 7
2138 3
2139 3
2140 7
2141 3
2142 6
2143 3
2144 5
2145 2
2146 7
2147 1
2148 5
2149 6
2150 7
2151 7
2152 4
2153 7
2154 2
2155 3
2156 5
2157 3
2158 6
2159 5
2160 7
2161 7
2162 6
2163 7
2164 7
2165 5
2166 5
2167 4
2168 3
2169 2
2170 3
2171 7
2172 6
2173 7
2174 1
2175 3
2176 4
2177 5
2178 5
2179 7
2180 3
2181 3
2182 4
2183 3
2184 5
2185 6
2186 3
2187 5
2188 3
2189 2
2190 4
2191 3
2192 6
2193 3
2194 6
2195 5
2196 2
2197 7
2198 2
2199 5
2200 6
2201 3
2202 4
2203 6
2204 4
2205 6
2206 6
2207 4
2208 6
2209 4
2210 3
2211 4
2212 5
2213 4
2214 6
2215 4
2216 6
2217 6
2218 4
2219 6
2220 4
2221 5
2222 1
2223 5
2224 4
2225 6
2226 4
2227 6
2228 6
2229 4
2230 6
2231 4
2232 5
2233 4
2234 3
2235 3
2236 7
2237 7
2238 7
2239 3
2240 4
2241 6
2242 4
2243 3
2244 6
2245 5
2246 2
2247 7
2248 1
2249 5
2250 6
2251 4
2252 6
2253 3
2254 5
2255 6
2256 3
2257 5
2258 3
2259 6
2260 6
2261 6
2262 4
2263 7
2264 2
2265 3
2266 4
2267 5
2268 4
2269 3
2270 4
2271 6
2272 6
2273 7
2274 7
2275 5
2276 5
2277 5
2278 5
2279 5
2280 6
2281 4
2282 6
2283 7
2284 1
2285 3
2286 4
2287 5
2288 4
2289 3
2290 4
2291 6
2292 4
2293 3
2294 5
2295 6
2296 3
2297 5
2298 3
2299 6
2300 5
2301 3
2302 6
2303 3
2304 7
2305 7
2306 7
2307 3
2308 3
2309 4
2310 3
2311 3
2312 4
2313 3
2314 3
2315 7
2316 7
2317 7
2318 3
2319 3
2320 6
2321 4
2322 5
2323 4
2324 3
2325 3
2326 7
2327 7
2328 7
2329 3
2330 3
2331 3
2332 4
2333 5
2334 4
2335 6
2336 4
2337 6
2338 6
2339 4
2340 7
2341 3
2342 3
2343 4
2344 3
2345 3
2346 7
2347 7
2348 7
2349 3
2350 7
2351 7
2352 3
2353 6
2354 3
2355 5
2356 2
2357 7
2358 1
2359 5
2360 7
2361 7
2362 7
2363 4
2364 7
2365 2
2366 3
2367 5
2368 3
2369 6
2370 3
2371 7
2372 7
2373 6
2374 7
2375 7
2376 5
2377 5
2378 4
2379 3
2380 3
2381 3
2382 7
2383 6
2384 7
2385 1
2386 3
2387 4
2388 5
2389 5
2390 4
2391 3
2392 3
2393 4
2394 3
2395 5
2396 6
2397 3
2398 5
2399 3
2400 2
2401 7
2402 4
2403 7
2404 2
2405 7
2406 1
2407 5
2408 6
2409 3
2410 7
2411 3
2412 6
2413 3
2414 5
2415 2
2416 7
2417 1
2418 5
2419 6
2420 4
2421 6
2422 4
2423 3
2424 6
2425 5
2426 2
2427 7
2428 1
2429 5
2430 7
2431 3
2432 3
2433 4
2434 3
2435 3
2436 7
2437 7
2438 7
2439 3
2440 2
2441 5
2442 6
2443 3
2444 4
2445 6
2446 4
2447 6
2448 6
2449 4
2450 7
2451 2
2452 5
2453 3
2454 6
2455 3
2456 7
2457 7
2458 7
2459 3
2460 1
2461 7
2462 2
2463 7
2464 4
2465 7
2466 2
2467 7
2468 1
2469 5
2470 5
2471 1
2472 7
2473 7
2474 6
2475 7
2476 7
2477 5
2478 3
2479 6
2480 6
2481 5
2482 1
2483 7
2484 6
2485 7
2486 1
2487 3
2488 4
2489 3
2490 3
2491 6
2492 5
2493 3
2494 4
2495 3
2496 5
2497 6
2498 3
2499 5
2500 7
2501 7
2502 6
2503 7
2504 7
2505 5
2506 3
2507 6
2508 5
2509 3
2510 7
2511 7
2512 4
2513 7
2514 2
2515 3
2516 5
2517 3
2518 6
2519 5
2520 6
2521 4
2522 6
2523 3
2524 5
2525 6
2526 3
2527 5
2528 3
2529 6
2530 7
2531 7
2532 3
2533 6
2534 3
2535 5
2536 2
2537 7
2538 1
2539 5
2540 7
2541 2
2542 5
2543 3
2544 6
2545 3
2546 7
2547 7
2548 7
2549 3
2550 5
2551 3
2552 6
2553 5
2554 3
2555 6
2556 4
2557 6
2558 6
2559 4
2560 3
2561 5
2562 3
2563 2
2564 7
2565 4
2566 7
2567 7
2568 7
2569 3
2570 6
2571 3
2572 5
2573 7
2574 7
2575 6
2576 7
2577 7
2578 1
2579 5
2580 5
2581 6
2582 3
2583 1
2584 7
2585 6
2586 7
2587 1
2588 3
2589 6
2590 3
2591 5
2592 6
2593 5
2594 3
2595 4
2596 3
2597 5
2598 6
2599 3
2600 1
2601 7
2602 6
2603 7
2604 1
2605 3
2606 4
2607 3
2608 2
2609 7
2610 7
2611 7
2612 6
2613 7
2614 7
2615 5
2616 5
2617 4
2618 3
2619 2
2620 6
2621 6
2622 4
2623 7
2624 2
2625 3
2626 4
2627 5
2628 4
2629 3
2630 7
2631 7
2632 7
2633 4
2634 7
2635 2
2636 3
2637 5
2638 3
2639 6
2640 1
2641 7
2642 2
2643 7
2644 4
2645 7
2646 2
2647 7
2648 1
2649 5
2650 3
2651 5
2652 3
2653 2
2654 7
2655 4
2656 7
2657 7
2658 7
2659 3
2660 4
2661 5
2662 4
2663 3
2664 2
2665 7
2666 4
2667 6
2668 6
2669 4
2670 3
2671 4
2672 5
2673 5
2674 7
2675 7
2676 6
2677 7
2678 7
2679 3
2680 2
2681 3
2682 4
2683 3
2684 1
2685 7
2686 6
2687 7
2688 1
2689 5
2690 7
2691 2
2692 3
2693 6
2694 5
2695 3
2696 4
2697 3
2698 5
2699 6
2700 5
2701 3
2702 4
2703 3
2704 5
2705 6
2706 3
2707 5
2708 7
2709 7
2710 3
2711 7
2712 6
2713 7
2714 1
2715 3
2716 4
2717 5
2718 5
2719 7
2720 4
2721 6
2722 6
2723 7
2724 7
2725 5
2726 5
2727 5
2728 5
2729 5
2730 3
2731 7
2732 7
2733 6
2734 7
2735 7
2736 5
2737 5
2738 4
2739 3
2740 5
2741 1
2742 7
2743 7
2744 6
2745 7
2746 7
2747 5
2748 3
2749 6
2750 6
2751 3
2752 5
2753 7
2754 7
2755 6
2756 7
2757 7
2758 1
2759 5
2760 3
2761 4
2762 5
2763 5
2764 7
2765 7
2766 6
2767 7
2768 7
2769 3
2770 5
2771 5
2772 5
2773 5
2774 5
2775 7
2776 7
2777 6
2778 6
2779 4
2780 7
2781 5
2782 5
2783 4
2784 3
2785 1
2786 7
2787 6
2788 7
2789 3
2790 7
2791 7
2792 5
2793 3
2794 6
2795 5
2796 3
2797 4
2798 3
2799 5
2800 6
2801 3
2802 6
2803 3
2804 6
2805 5
2806 2
2807 7
2808 2
2809 7
2810 3
2811 3
2812 4
2813 3
2814 5
2815 6
2816 3
2817 5
2818 3
2819 2
2820 6
2821 4
2822 6
2823 7
2824 1
2825 3
2826 4
2827 5
2828 4
2829 3
2830 3
2831 3
2832 7
2833 6
2834 7
2835 1
2836 3
2837 4
2838 5
2839 5
2840 6
2841 5
2842 1
2843 7
2844 6
2845 7
2846 1
2847 3
2848 4
2849 3
2850 5
2851 6
2852 3
2853 1
2854 7
2855 6
2856 7
2857 1
2858 3
2859 6
2860 2
2861 3
2862 4
2863 3
2864 1
2865 7
2866 6
2867 7
2868 1
2869 5
2870 7
2871 5
2872 5
2873 4
2874 3
2875 1
2876 7
2877 6
2878 7
2879 3
2880 2
2881 3
2882 4
2883 5
2884 4
2885 3
2886 1
2887 7
2888 6
2889 4
2890 7
2891 2
2892 3
2893 5
2894 3
2895 6
2896 5
2897 3
2898 4
2899 3
2900 3
2901 4
2902 4
2903 4
2904 3
2905 3
2906 7
2907 7
2908 7
2909 3
2910 4
2911 3
2912 6
2913 3
2914 6
2915 5
2916 2
2917 7
2918 2
2919 5
2920 4
2921 6
2922 4
2923 3
2924 5
2925 6
2926 3
2927 5
2928 3
2929 6
2930 4
2931 3
2932 3
2933 4
2934 3
2935 5
2936 6
2937 3
2938 5
2939 3
2940 3
2941 6
2942 5
2943 3
2944 4
2945 3
2946 5
2947 6
2948 3
2949 5
2950 3
2951 5
2952 6
2953 5
2954 3
2955 4
2956 3
2957 5
2958 6
2959 3
2960 7
2961 2
2962 3
2963 6
2964 5
2965 3
2966 4
2967 3
2968 5
2969 6
2970 7
2971 7
2972 5
2973 3
2974 6
2975 5
2976 3
2977 4
2978 3
2979 5
2980 7
2981 2
2982 3
2983 5
2984 3
2985 6
2986 5
2987 3
2988 4
2989 3
2990 3
2991 5
2992 6
2993 3
2994 5
2995 3
2996 6
2997 5
2998 3
2999 4
3000 6
3001 3
3002 5
3003 6
3004 3
3005 5
3006 3
3007 6
3008 5
3009 3
3010 3
3011 6
3012 3
3013 5
3014 2
3015 7
3016 1
3017 5
3018 6
3019 3
3020 5
3021 3
3022 6
3023 3
3024 7
3025 7
3026 7
3027 3
3028 3
3029 4
3030 6
3031 5
3032 3
3033 6
3034 4
3035 6
3036 6
3037 4
3038 6
3039 4
3040 3
3041 2
3042 7
3043 4
3044 7
3045 7
3046 7
3047 3
3048 3
3049 4
3050 5
3051 7
3052 7
3053 6
3054 7
3055 7
3056 1
3057 5
3058 6
3059 3
3060 3
3061 1
3062 7
3063 6
3064 7
3065 1
3066 3
3067 6
3068 5
3069 3
3070 6
3071 5
3072 3
3073 4
3074 3
3075 5
3076 6
3077 3
3078 2
3079 7
3080 5
3081 6
3082 3
3083 6
3084 3
3085 6
3086 5
3087 2
3088 7
3089 7
3090 3
3091 3
3092 4
3093 4
3094 4
3095 3
3096 3
3097 7
3098 7
3099 7
3100 3
3101 6
3102 3
3103 5
3104 2
3105 7
3106 1
3107 5
3108 6
3109 3
3110 6
3111 4
3112 3
3113 6
3114 5
3115 2
3116 7
3117 1
3118 5
3119 6
3120 3
3121 3
3122 4
3123 3
3124 3
3125 7
3126 7
3127 7
3128 3
3129 3
3130 5
3131 6
3132 3
3133 4
3134 6
3135 4
3136 6
3137 6
3138 4
3139 6
3140 2
3141 5
3142 3
3143 6
3144 3
3145 7
3146 7
3147 7
3148 3
3149 3
3150 7
3151 2
3152 7
3153 4
3154 7
3155 2
3156 7
3157 1
3158 5
3159 6
3160 1
3161 7
3162 7
3163 6
3164 7
3165 7
3166 5
3167 3
3168 6
3169 5
3170 5
3171 1
3172 7
3173 6
3174 7
3175 1
3176 3
3177 4
3178 3
3179 2
3180 6
3181 5
3182 3
3183 4
3184 3
3185 5
3186 6
3187 3
3188 5
3189 7
3190 3
3191 6
3192 3
3193 6
3194 3
3195 6
3196 5
3197 2
3198 7
3199 2
3200 5
3201 3
3202 6
3203 3
3204 7
3205 7
3206 7
3207 3
3208 3
3209 4
3210 3
3211 3
3212 4
3213 3
3214 3
3215 7
3216 7
3217 7
3218 3
3219 3
3220 6
3221 4
3222 5
3223 4
3224 3
3225 3
3226 7
3227 7
3228 7
3229 3
3230 3
3231 3
3232 4
3233 5
3234 4
3235 6
3236 4
3237 6
3238 6
3239 4
3240 7
3241 3
3242 3
3243 4
3244 3
3245 3
3246 7
3247 7
3248 7
3249 3
3250 7
3251 7
3252 3
3253 6
3254 3
3255 5
3256 2
3257 7
3258 1
3259 5
3260 7
3261 7
3262 7
3263 4
3264 7
3265 2
3266 3
3267 5
3268 3
3269 6
3270 3
3271 7
3272 7
3273 6
3274 7
3275 7
3276 5
3277 5
3278 4
3279 3
3280 3
3281 3
3282 7
3283 6
3284 7
3285 1
3286 3
3287 4
3288 5
3289 5
3290 4
3291 3
3292 3
3293 4
3294 3
3295 5
3296 6
3297 3
3298 5
3299 3
3300 6
3301 5
3302 3
3303 6
3304 4
3305 6
3306 6
3307 4
3308 6
3309 4
3310 5
3311 6
3312 3
3313 4
3314 6
3315 4
3316 6
3317 6
3318 4
3319 6
3320 3
3321 3
3322 4
3323 5
3324 4
3325 6
3326 4
3327 6
3328 6
3329 4
3330 6
3331 4
3332 5
3333 1
3334 5
3335 4
3336 6
3337 4
3338 6
3339 6
3340 4
3341 6
3342 4
3343 5
3344 4
3345 3
3346 3
3347 7
3348 7
3349 7
3350 6
3351 4
3352 6
3353 4
3354 3
3355 6
3356 5
3357 2
3358 7
3359 1
3360 6
3361 6
3362 4
3363 6
3364 3
3365 5
3366 6
3367 3
3368 5
3369 3
3370 4
3371 6
3372 6
3373 4
3374 7
3375 2
3376 3
3377 4
3378 5
3379 4
3380 6
3381 4
3382 6
3383 6
3384 7
3385 7
3386 5
3387 5
3388 5
3389 5
3390 4
3391 6
3392 4
3393 6
3394 7
3395 1
3396 3
3397 4
3398 5
3399 4
3400 3
3401 2
3402 7
3403 4
3404 7
3405 7
3406 7
3407 3
3408 3
3409 4
3410 2
3411 5
3412 3
3413 6
3414 3
3415 7
3416 7
3417 7
3418 3
3419 3
3420 7
3421 3
3422 3
3423 4
3424 3
3425 3
3426 7
3427 7
3428 7
3429 3
3430 4
3431 6
3432 4
3433 5
3434 4
3435 3
3436 3
3437 7
3438 7
3439 7
3440 7
3441 3
3442 3
3443 4
3444 5
3445 4
3446 6
3447 4
3448 6
3449 6
3450 7
3451 7
3452 3
3453 3
3454 4
3455 3
3456 3
3457 7
3458 7
3459 7
3460 7
3461 7
3462 7
3463 3
3464 6
3465 3
3466 5
3467 2
3468 7
3469 1
3470 3
3471 7
3472 7
3473 7
3474 4
3475 7
3476 2
3477 3
3478 5
3479 3
3480 3
3481 3
3482 7
3483 7
3484 6
3485 7
3486 7
3487 5
3488 5
3489 4
3490 4
3491 3
3492 3
3493 7
3494 6
3495 7
3496 1
3497 3
3498 4
3499 5
3500 5
3501 7
3502 7
3503 6
3504 7
3505 7
3506 1
3507 5
3508 6
3509 3
3510 7
3511 2
3512 7
3513 4
3514 7
3515 2
3516 7
3517 1
3518 5
3519 6
3520 7
3521 7
3522 3
3523 6
3524 3
3525 5
3526 2
3527 7
3528 1
3529 5
3530 6
3531 4
3532 6
3533 4
3534 3
3535 6
3536 5
3537 2
3538 7
3539 1
3540 7
3541 7
3542 3
3543 3
3544 4
3545 3
3546 3
3547 7
3548 7
3549 7
3550 7
3551 2
3552 5
3553 6
3554 3
3555 4
3556 6
3557 4
3558 6
3559 6
3560 1
3561 7
3562 2
3563 5
3564 3
3565 6
3566 3
3567 7
3568 7
3569 7
3570 5
3571 1
3572 7
3573 2
3574 7
3575 4
3576 7
3577 2
3578 7
3579 1
3580 6
3581 5
3582 1
3583 7
3584 7
3585 6
3586 7
3587 7
3588 5
3589 3
3590 3
3591 6
3592 5
3593 1
3594 7
3595 6
3596 7
3597 1
3598 3
3599 4
3600 3
3601 1
3602 7
3603 6
3604 7
3605 1
3606 3
3607 6
3608 5
3609 3
3610 1
3611 7
3612 7
3613 6
3614 7
3615 7
3616 5
3617 3
3618 6
3619 5
3620 7
3621 7
3622 7
3623 4
3624 7
3625 2
3626 3
3627 5
3628 3
3629 6
3630 6
3631 6
3632 4
3633 6
3634 3
3635 5
3636 6
3637 3
3638 5
3639 3
3640 7
3641 7
3642 7
3643 3
3644 6
3645 3
3646 5
3647 2
3648 7
3649 1
3650 1
3651 7
3652 2
3653 5
3654 3
3655 6
3656 3
3657 7
3658 7
3659 7
3660 3
3661 5
3662 3
3663 6
3664 5
3665 3
3666 6
3667 4
3668 6
3669 6
3670 6
3671 3
3672 5
3673 3
3674 2
3675 7
3676 4
3677 7
3678 7
3679 7
3680 5
3681 6
3682 3
3683 5
3684 7
3685 7
3686 6
3687 7
3688 7
3689 1
3690 3
3691 5
3692 6
3693 3
3694 1
3695 7
3696 6
3697 7
3698 1
3699 3
3700 6
3701 5
3702 3
3703 4
3704 3
3705 5
3706 6
3707 3
3708 2
3709 7
3710 5
3711 1
3712 7
3713 6
3714 7
3715 1
3716 3
3717 4
3718 3
3719 2
3720 3
3721 7
3722 7
3723 6
3724 7
3725 7
3726 5
3727 5
3728 4
3729 3
3730 4
3731 6
3732 6
3733 4
3734 7
3735 2
3736 3
3737 4
3738 5
3739 4
3740 3
3741 7
3742 7
3743 7
3744 4
3745 7
3746 2
3747 3
3748 5
3749 3
3750 5
3751 1
3752 7
3753 2
3754 7
3755 4
3756 7
3757 2
3758 7
3759 1
3760 6
3761 3
3762 5
3763 3
3764 2
3765 7
3766 4
3767 7
3768 7
3769 7
3770 3
3771 4
3772 5
3773 4
3774 3
3775 2
3776 7
3777 4
3778 6
3779 6
3780 2
3781 3
3782 4
3783 5
3784 5
3785 7
3786 7
3787 6
3788 7
3789 7
3790 7
3791 2
3792 3
3793 4
3794 3
3795 1
3796 7
3797 6
3798 7
3799 1
3800 5
3801 6
3802 3
3803 6
3804 3
3805 6
3806 5
3807 2
3808 7
3809 7
3810 6
3811 5
3812 3
3813 4
3814 3
3815 5
3816 6
3817 3
3818 5
3819 7
3820 3
3821 3
3822 7
3823 6
3824 7
3825 1
3826 3
3827 4
3828 5
3829 5
3830 6
3831 4
3832 6
3833 6
3834 7
3835 7
3836 5
3837 5
3838 5
3839 5
3840 3
3841 3
3842 7
3843 7
3844 6
3845 7
3846 7
3847 5
3848 5
3849 4
3850 6
3851 5
3852 1
3853 7
3854 7
3855 6
3856 7
3857 7
3858 5
3859 3
3860 5
3861 6
3862 3
3863 5
3864 7
3865 7
3866 6
3867 7
3868 7
3869 1
3870 2
3871 3
3872 4
3873 5
3874 5
3875 7
3876 7
3877 6
3878 7
3879 7
3880 7
3881 5
3882 5
3883 5
3884 5
3885 5
3886 7
3887 7
3888 6
3889 6
3890 7
3891 7
3892 5
3893 5
3894 4
3895 3
3896 1
3897 7
3898 6
3899 7
3900 3
3901 3
3902 4
3903 4
3904 4
3905 3
3906 3
3907 7
3908 7
3909 7
3910 3
3911 6
3912 3
3913 6
3914 3
3915 6
3916 5
3917 2
3918 7
3919 2
3920 4
3921 3
3922 3
3923 4
3924 3
3925 5
3926 6
3927 3
3928 5
3929 3
3930 4
3931 6
3932 4
3933 6
3934 7
3935 1
3936 3
3937 4
3938 5
3939 4
3940 4
3941 3
3942 3
3943 7
3944 6
3945 7
3946 1
3947 3
3948 4
3949 5
3950 3
3951 6
3952 5
3953 1
3954 7
3955 6
3956 7
3957 1
3958 3
3959 4
3960 3
3961 5
3962 6
3963 3
3964 1
3965 7
3966 6
3967 7
3968 1
3969 3
3970 7
3971 2
3972 3
3973 4
3974 3
3975 1
3976 7
3977 6
3978 7
3979 1
3980 7
3981 7
3982 5
3983 5
3984 4
3985 3
3986 1
3987 7
3988 6
3989 7
3990 7
3991 2
3992 3
3993 4
3994 5
3995 4
3996 3
3997 1
3998 7
3999 6
4000 4
4001 7
4002 2
4003 3
4004 4
4005 5
4006 4
4007 3
4008 2
4009 7
4010 7
4011 4
4012 7
4013 2
4014 3
4015 5
4016 3
4017 6
4018 5
4019 3
4020 2
4021 7
4022 4
4023 7
4024 2
4025 7
4026 1
4027 5
4028 6
4029 3
4030 3
4031 2
4032 7
4033 4
4034 7
4035 7
4036 7
4037 3
4038 3
4039 4
4040 4
4041 3
4042 2
4043 7
4044 4
4045 6
4046 6
4047 4
4048 6
4049 4
4050 5
4051 5
4052 7
4053 7
4054 6
4055 7
4056 7
4057 3
4058 3
4059 4
4060 4
4061 3
4062 1
4063 7
4064 6
4065 7
4066 1
4067 5
4068 6
4069 3
4070 3
4071 6
4072 5
4073 3
4074 4
4075 3
4076 5
4077 6
4078 5
4079 3
4080 2
4081 5
4082 6
4083 3
4084 6
4085 3
4086 6
4087 5
4088 2
4089 7
4090 7
4091 3
4092 3
4093 4
4094 4
4095 4
4096 3
4097 3
4098 7
4099 7
4100 7
4101 4
4102 7
4103 2
4104 3
4105 5
4106 3
4107 6
4108 5
4109 3
4110 4
4111 6
4112 3
4113 5
4114 6
4115 3
4116 5
4117 3
4118 6
4119 5
4120 7
4121 3
4122 6
4123 3
4124 5
4125 2
4126 7
4127 1
4128 5
4129 6
4130 2
4131 5
4132 3
4133 6
4134 3
4135 7
4136 7
4137 7
4138 3
4139 3
4140 3
4141 6
4142 5
4143 3
4144 6
4145 4
4146 6
4147 6
4148 4
4149 6
4150 5
4151 3
4152 2
4153 7
4154 4
4155 7
4156 7
4157 7
4158 3
4159 3
4160 3
4161 5
4162 7
4163 7
4164 6
4165 7
4166 7
4167 1
4168 5
4169 6
4170 6
4171 3
4172 1
4173 7
4174 6
4175 7
4176 1
4177 3
4178 6
4179 5
4180 5
4181 6
4182 5
4183 3
4184 4
4185 3
4186 5
4187 6
4188 3
4189 2
4190 3
4191 5
4192 6
4193 3
4194 6
4195 3
4196 6
4197 5
4198 2
4199 7
4200 2
4201 7
4202 4
4203 7
4204 2
4205 7
4206 1
4207 5
4208 6
4209 3
4210 7
4211 3
4212 6
4213 3
4214 5
4215 2
4216 7
4217 1
4218 5
4219 6
4220 4
4221 6
4222 4
4223 3
4224 6
4225 5
4226 2
4227 7
4228 1
4229 5
4230 7
4231 3
4232 3
4233 4
4234 3
4235 3
4236 7
4237 7
4238 7
4239 3
4240 2
4241 5
4242 6
4243 3
4244 4
4245 6
4246 4
4247 6
4248 6
4249 4
4250 7
4251 2
4252 5
4253 3
4254 6
4255 3
4256 7
4257 7
4258 7
4259 3
4260 1
4261 7
4262 2
4263 7
4264 4
4265 7
4266 2
4267 7
4268 1
4269 5
4270 5
4271 1
4272 7
4273 7
4274 6
4275 7
4276 7
4277 5
4278 3
4279 6
4280 6
4281 5
4282 1
4283 7
4284 6
4285 7
4286 1
4287 3
4288 4
4289 3
4290 3
4291 6
4292 5
4293 3
4294 4
4295 3
4296 5
4297 6
4298 3
4299 5
4300 3
4301 2
4302 7
4303 4
4304 7
4305 7
4306 7
4307 3
4308 3
4309 4
4310 2
4311 5
4312 3
4313 6
4314 3
4315 7
4316 7
4317 7
4318 3
4319 3
4320 7
4321 3
4322 3
4323 4
4324 3
4325 3
4326 7
4327 7
4328 7
4329 3
4330 4
4331 6
4332 4
4333 5
4334 4
4335 3
4336 3
4337 7
4338 7
4339 7
4340 7
4341 3
4342 3
4343 4
4344 5
4345 4
4346 6
4347 4
4348 6
4349 6
4350 7
4351 7
4352 3
4353 3
4354 4
4355 3
4356 3
4357 7
4358 7
4359 7
4360 7
4361 7
4362 7
4363 3
4364 6
4365 3
4366 5
4367 2
4368 7
4369 1
4370 3
4371 7
4372 7
4373 7
4374 4
4375 7
4376 2
4377 3
4378 5
4379 3
4380 3
4381 3
4382 7
4383 7
4384 6
4385 7
4386 7
4387 5
4388 5
4389 4
4390 4
4391 3
4392 3
4393 7
4394 6
4395 7
4396 1
4397 3
4398 4
4399 5
4400 4
4401 3
4402 2
4403 7
4404 4
4405 6
4406 6
4407 4
4408 6
4409 4
4410 3
4411 6
4412 5
4413 3
4414 6
4415 4
4416 6
4417 6
4418 4
4419 6
4420 2
4421 5
4422 6
4423 3
4424 4
4425 6
4426 4
4427 6
4428 6
4429 4
4430 7
4431 3
4432 3
4433 4
4434 5
4435 4
4436 6
4437 4
4438 6
4439 6
4440 4
4441 6
4442 4
4443 5
4444 1
4445 5
4446 4
4447 6
4448 4
4449 6
4450 6
4451 4
4452 6
4453 4
4454 5
4455 4
4456 3
4457 3
4458 7
4459 7
4460 6
4461 6
4462 4
4463 6
4464 4
4465 3
4466 6
4467 5
4468 2
4469 7
4470 4
4471 6
4472 6
4473 4
4474 6
4475 3
4476 5
4477 6
4478 3
4479 5
4480 6
4481 4
4482 6
4483 6
4484 4
4485 7
4486 2
4487 3
4488 4
4489 5
4490 4
4491 6
4492 4
4493 6
4494 6
4495 7
4496 7
4497 5
4498 5
4499 5
4500 5
4501 5
4502 7
4503 7
4504 6
4505 7
4506 7
4507 3
4508 3
4509 4
4510 5
4511 3
4512 2
4513 7
4514 4
4515 7
4516 7
4517 7
4518 3
4519 3
4520 7
4521 2
4522 5
4523 3
4524 6
4525 3
4526 7
4527 7
4528 7
4529 3
4530 7
4531 7
4532 3
4533 3
4534 4
4535 3
4536 3
4537 7
4538 7
4539 7
4540 6
4541 4
4542 6
4543 4
4544 5
4545 4
4546 3
4547 3
4548 7
4549 7
4550 7
4551 7
4552 3
4553 3
4554 4
4555 5
4556 4
4557 6
4558 4
4559 6
4560 7
4561 7
4562 7
4563 3
4564 3
4565 4
4566 3
4567 3
4568 7
4569 7
4570 3
4571 7
4572 7
4573 7
4574 3
4575 6
4576 3
4577 5
4578 2
4579 7
4580 3
4581 3
4582 7
4583 7
4584 7
4585 4
4586 7
4587 2
4588 3
4589 5
4590 4
4591 3
4592 3
4593 7
4594 7
4595 6
4596 7
4597 7
4598 5
4599 5
4600 4
4601 3
4602 1
4603 7
4604 6
4605 7
4606 1
4607 5
4608 6
4609 3
4610 3
4611 5
4612 7
4613 7
4614 6
4615 7
4616 7
4617 1
4618 5
4619 6
4620 1
4621 7
4622 2
4623 7
4624 4
4625 7
4626 2
4627 7
4628 1
4629 5
4630 7
4631 7
4632 7
4633 3
4634 6
4635 3
4636 5
4637 2
4638 7
4639 1
4640 6
4641 6
4642 4
4643 6
4644 4
4645 3
4646 6
4647 5
4648 2
4649 7
4650 7
4651 7
4652 7
4653 3
4654 3
4655 4
4656 3
4657 3
4658 7
4659 7
4660 1
4661 7
4662 2
4663 5
4664 6
4665 3
4666 4
4667 6
4668 4
4669 6
4670 5
4671 1
4672 7
4673 2
4674 5
4675 3
4676 6
4677 3
4678 7
4679 7
4680 6
4681 5
4682 1
4683 7
4684 2
4685 7
4686 4
4687 7
4688 2
4689 7
4690 3
4691 6
4692 5
4693 1
4694 7
4695 7
4696 6
4697 7
4698 7
4699 5
4700 3
4701 6
4702 5
4703 3
4704 4
4705 3
4706 5
4707 6
4708 5
4709 3
4710 6
4711 3
4712 1
4713 7
4714 6
4715 7
4716 1
4717 3
4718 6
4719 5
4720 5
4721 1
4722 7
4723 7
4724 6
4725 7
4726 7
4727 5
4728 3
4729 6
4730 3
4731 7
4732 7
4733 7
4734 4
4735 7
4736 2
4737 3
4738 5
4739 3
4740 4
4741 6
4742 6
4743 4
4744 6
4745 3
4746 5
4747 6
4748 3
4749 5
4750 3
4751 7
4752 7
4753 7
4754 3
4755 6
4756 3
4757 5
4758 2
4759 7
4760 5
4761 1
4762 7
4763 2
4764 5
4765 3
4766 6
4767 3
4768 7
4769 7
4770 6
4771 3
4772 5
4773 3
4774 6
4775 5
4776 3
4777 6
4778 4
4779 6
4780 5
4781 6
4782 3
4783 5
4784 3
4785 2
4786 7
4787 4
4788 7
4789 7
4790 3
4791 5
4792 6
4793 3
4794 5
4795 7
4796 7
4797 6
4798 7
4799 7
4800 2
4801 5
4802 6
4803 3
4804 6
4805 3
4806 6
4807 5
4808 2
4809 7
4810 5
4811 6
4812 5
4813 3
4814 4
4815 3
4816 5
4817 6
4818 3
4819 2
4820 6
4821 5
4822 1
4823 7
4824 6
4825 7
4826 1
4827 3
4828 4
4829 3
4830 3
4831 3
4832 7
4833 7
4834 6
4835 7
4836 7
4837 5
4838 5
4839 4
4840 6
4841 4
4842 6
4843 6
4844 4
4845 7
4846 2
4847 3
4848 4
4849 5
4850 3
4851 3
4852 7
4853 7
4854 7
4855 4
4856 7
4857 2
4858 3
4859 5
4860 6
4861 5
4862 1
4863 7
4864 2
4865 7
4866 4
4867 7
4868 2
4869 7
4870 5
4871 6
4872 3
4873 5
4874 3
4875 2
4876 7
4877 4
4878 7
4879 7
4880 2
4881 3
4882 4
4883 5
4884 4
4885 3
4886 2
4887 7
4888 4
4889 6
4890 7
4891 2
4892 3
4893 4
4894 5
4895 5
4896 7
4897 7
4898 6
4899 7
4900 7
4901 3
4902 3
4903 4
4904 4
4905 4
4906 3
4907 3
4908 7
4909 7
4910 3
4911 5
4912 6
4913 3
4914 6
4915 3
4916 6
4917 5
4918 2
4919 7
4920 3
4921 6
4922 5
4923 3
4924 4
4925 3
4926 5
4927 6
4928 3
4929 5
4930 4
4931 3
4932 3
4933 7
4934 6
4935 7
4936 1
4937 3
4938 4
4939 5
4940 4
4941 6
4942 4
4943 6
4944 6
4945 7
4946 7
4947 5
4948 5
4949 5
4950 4
4951 3
4952 3
4953 7
4954 7
4955 6
4956 7
4957 7
4958 5
4959 5
4960 3
4961 6
4962 5
4963 1
4964 7
4965 7
4966 6
4967 7
4968 7
4969 5
4970 3
4971 5
4972 6
4973 3
4974 5
4975 7
4976 7
4977 6
4978 7
4979 7
4980 7
4981 2
4982 3
4983 4
4984 5
4985 5
4986 7
4987 7
4988 6
4989 7
4990 7
4991 7
4992 5
4993 5
4994 5
4995 5
4996 5
4997 7
4998 7
4999 6
5000 6
5001 7
5002 7
5003 5
5004 5
5005 5
5006 5
5007 5
5008 7
5009 7
5010 7
5011 6
5012 7
5013 7
5014 5
5015 5
5016 4
5017 3
5018 2
5019 7
5020 7
5021 7
5022 6
5023 7
5024 7
5025 5
5026 3
5027 6
5028 5
5029 3
5030 5
5031 7
5032 7
5033 6
5034 7
5035 7
5036 1
5037 5
5038 6
5039 3
5040 5
5041 5
5042 7
5043 7
5044 6
5045 7
5046 7
5047 3
5048 3
5049 4
5050 5
5051 5
5052 5
5053 7
5054 7
5055 6
5056 6
5057 4
5058 6
5059 4
5060 5
5061 4
5062 3
5063 1
5064 7
5065 6
5066 7
5067 3
5068 3
5069 4
5070 5
5071 3
5072 6
5073 5
5074 3
5075 4
5076 3
5077 5
5078 6
5079 3
5080 7
5081 2
5082 5
5083 6
5084 3
5085 6
5086 3
5087 6
5088 5
5089 3
5090 7
5091 7
5092 3
5093 3
5094 4
5095 4
5096 4
5097 3
5098 3
5099 7
5100 7
5101 6
5102 7
5103 7
5104 5
5105 5
5106 4
5107 3
5108 2
5109 7
5110 6
5111 4
5112 7
5113 2
5114 3
5115 4
5116 5
5117 4
5118 3
5119 2
5120 7
5121 7
5122 4
5123 7
5124 2
5125 3
5126 5
5127 3
5128 6
5129 5
5130 7
5131 2
5132 7
5133 4
5134 7
5135 2
5136 7
5137 1
5138 5
5139 6
5140 5
5141 3
5142 2
5143 7
5144 4
5145 7
5146 7
5147 7
5148 3
5149 3
5150 5
5151 4
5152 3
5153 2
5154 7
5155 4
5156 6
5157 6
5158 4
5159 6
5160 4
5161 5
5162 5
5163 7
5164 7
5165 6
5166 7
5167 7
5168 3
5169 3
5170 3
5171 4
5172 3
5173 1
5174 7
5175 6
5176 7
5177 1
5178 5
5179 6
5180 2
5181 3
5182 6
5183 5
5184 3
5185 4
5186 3
5187 5
5188 6
5189 5
5190 7
5191 2
5192 5
5193 6
5194 3
5195 6
5196 3
5197 6
5198 5
5199 2
5200 7
5201 7
5202 6
5203 7
5204 7
5205 5
5206 3
5207 6
5208 5
5209 3
5210 7
5211 7
5212 4
5213 7
5214 2
5215 3
5216 5
5217 3
5218 6
5219 5
5220 6
5221 4
5222 6
5223 3
5224 5
5225 6
5226 3
5227 5
5228 3
5229 6
5230 7
5231 7
5232 3
5233 6
5234 3
5235 5
5236 2
5237 7
5238 1
5239 5
5240 7
5241 2
5242 5
5243 3
5244 6
5245 3
5246 7
5247 7
5248 7
5249 3
5250 5
5251 3
5252 6
5253 5
5254 3
5255 6
5256 4
5257 6
5258 6
5259 4
5260 3
5261 5
5262 3
5263 2
5264 7
5265 4
5266 7
5267 7
5268 7
5269 3
5270 6
5271 3
5272 5
5273 7
5274 7
5275 6
5276 7
5277 7
5278 1
5279 5
5280 5
5281 6
5282 3
5283 1
5284 7
5285 6
5286 7
5287 1
5288 3
5289 6
5290 3
5291 5
5292 6
5293 5
5294 3
5295 4
5296 3
5297 5
5298 6
5299 3
5300 5
5301 7
5302 7
5303 6
5304 7
5305 7
5306 1
5307 5
5308 6
5309 3
5310 7
5311 2
5312 7
5313 4
5314 7
5315 2
5316 7
5317 1
5318 5
5319 6
5320 7
5321 7
5322 3
5323 6
5324 3
5325 5
5326 2
5327 7
5328 1
5329 5
5330 6
5331 4
5332 6
5333 4
5334 3
5335 6
5336 5
5337 2
5338 7
5339 1
5340 7
5341 7
5342 3
5343 3
5344 4
5345 3
5346 3
5347 7
5348 7
5349 7
5350 7
5351 2
5352 5
5353 6
5354 3
5355 4
5356 6
5357 4
5358 6
5359 6
5360 1
5361 7
5362 2
5363 5
5364 3
5365 6
5366 3
5367 7
5368 7
5369 7
5370 5
5371 1
5372 7
5373 2
5374 7
5375 4
5376 7
5377 2
5378 7
5379 1
5380 6
5381 5
5382 1
5383 7
5384 7
5385 6
5386 7
5387 7
5388 5
5389 3
5390 3
5391 6
5392 5
5393 1
5394 7
5395 6
5396 7
5397 1
5398 3
5399 4
5400 5
5401 5
5402 7
5403 7
5404 6
5405 7
5406 7
5407 3
5408 3
5409 4
5410 5
5411 3
5412 2
5413 7
5414 4
5415 7
5416 7
5417 7
5418 3
5419 3
5420 7
5421 2
5422 5
5423 3
5424 6
5425 3
5426 7
5427 7
5428 7
5429 3
5430 7
5431 7
5432 3
5433 3
5434 4
5435 3
5436 3
5437 7
5438 7
5439 7
5440 6
5441 4
5442 6
5443 4
5444 5
5445 4
5446 3
5447 3
5448 7
5449 7
5450 7
5451 7
5452 3
5453 3
5454 4
5455 5
5456 4
5457 6
5458 4
5459 6
5460 7
5461 7
5462 7
5463 3
5464 3
5465 4
5466 3
5467 3
5468 7
5469 7
5470 3
5471 7
5472 7
5473 7
5474 3
5475 6
5476 3
5477 5
5478 2
5479 7
5480 3
5481 3
5482 7
5483 7
5484 7
5485 4
5486 7
5487 2
5488 3
5489 5
5490 4
5491 3
5492 3
5493 7
5494 7
5495 6
5496 7
5497 7
5498 5
5499 5
5500 5
5501 5
5502 5
5503 7
5504 7
5505 6
5506 6
5507 4
5508 6
5509 4
5510 5
5511 4
5512 3
5513 2
5514 7
5515 4
5516 6
5517 6
5518 4
5519 6
5520 5
5521 3
5522 6
5523 5
5524 3
5525 6
5526 4
5527 6
5528 6
5529 4
5530 7
5531 2
5532 5
5533 6
5534 3
5535 4
5536 6
5537 4
5538 6
5539 6
5540 7
5541 7
5542 3
5543 3
5544 4
5545 5
5546 4
5547 6
5548 4
5549 6
5550 6
5551 4
5552 6
5553 4
5554 5
5555 1
5556 5
5557 4
5558 6
5559 4
5560 6
5561 6
5562 4
5563 6
5564 4
5565 5
5566 4
5567 3
5568 3
5569 7
5570 4
5571 6
5572 6
5573 4
5574 6
5575 4
5576 3
5577 6
5578 5
5579 2
5580 6
5581 4
5582 6
5583 6
5584 4
5585 6
5586 3
5587 5
5588 6
5589 3
5590 4
5591 6
5592 4
5593 6
5594 6
5595 4
5596 7
5597 2
5598 3
5599 4
5600 5
5601 4
5602 3
5603 1
5604 7
5605 6
5606 7
5607 3
5608 3
5609 4
5610 4
5611 5
5612 5
5613 7
5614 7
5615 6
5616 7
5617 7
5618 3
5619 3
5620 3
5621 5
5622 3
5623 2
5624 7
5625 4
5626 7
5627 7
5628 7
5629 3
5630 1
5631 7
5632 2
5633 5
5634 3
5635 6
5636 3
5637 7
5638 7
5639 7
5640 7
5641 7
5642 7
5643 3
5644 3
5645 4
5646 3
5647 3
5648 7
5649 7
5650 6
5651 6
5652 4
5653 6
5654 4
5655 5
5656 4
5657 3
5658 3
5659 7
5660 7
5661 7
5662 7
5663 3
5664 3
5665 4
5666 5
5667 4
5668 6
5669 4
5670 3
5671 7
5672 7
5673 7
5674 3
5675 3
5676 4
5677 3
5678 3
5679 7
5680 3
5681 3
5682 7
5683 7
5684 7
5685 3
5686 6
5687 3
5688 5
5689 2
5690 4
5691 3
5692 3
5693 7
5694 7
5695 7
5696 4
5697 7
5698 2
5699 3
5700 5
5701 3
5702 6
5703 5
5704 3
5705 4
5706 3
5707 5
5708 6
5709 3
5710 3
5711 4
5712 3
5713 1
5714 7
5715 6
5716 7
5717 1
5718 5
5719 6
5720 6
5721 3
5722 5
5723 7
5724 7
5725 6
5726 7
5727 7
5728 1
5729 5
5730 5
5731 1
5732 7
5733 2
5734 7
5735 4
5736 7
5737 2
5738 7
5739 1
5740 3
5741 7
5742 7
5743 7
5744 3
5745 6
5746 3
5747 5
5748 2
5749 7
5750 4
5751 6
5752 6
5753 4
5754 6
5755 4
5756 3
5757 6
5758 5
5759 2
5760 3
5761 7
5762 7
5763 7
5764 3
5765 3
5766 4
5767 3
5768 3
5769 7
5770 5
5771 1
5772 7
5773 2
5774 5
5775 6
5776 3
5777 4
5778 6
5779 4
5780 6
5781 5
5782 1
5783 7
5784 2
5785 5
5786 3
5787 6
5788 3
5789 7
5790 3
5791 6
5792 5
5793 1
5794 7
5795 2
5796 7
5797 4
5798 7
5799 2
5800 7
5801 2
5802 5
5803 6
5804 3
5805 6
5806 3
5807 6
5808 5
5809 3
5810 2
5811 3
5812 6
5813 5
5814 3
5815 4
5816 3
5817 5
5818 6
5819 5
5820 5
5821 6
5822 3
5823 1
5824 7
5825 6
5826 7
5827 1
5828 3
5829 6
5830 6
5831 5
5832 1
5833 7
5834 7
5835 6
5836 7
5837 7
5838 5
5839 3
5840 3
5841 3
5842 7
5843 7
5844 7
5845 4
5846 7
5847 2
5848 3
5849 5
5850 6
5851 4
5852 6
5853 6
5854 4
5855 6
5856 3
5857 5
5858 6
5859 3
5860 3
5861 3
5862 7
5863 7
5864 7
5865 3
5866 6
5867 3
5868 5
5869 2
5870 6
5871 5
5872 1
5873 7
5874 2
5875 5
5876 3
5877 6
5878 3
5879 7
5880 5
5881 6
5882 3
5883 5
5884 3
5885 6
5886 5
5887 3
5888 6
5889 4
5890 3
5891 5
5892 6
5893 3
5894 5
5895 3
5896 2
5897 7
5898 4
5899 7
5900 7
5901 7
5902 3
5903 3
5904 4
5905 4
5906 4
5907 3
5908 3
5909 7
5910 7
5911 2
5912 5
5913 6
5914 3
5915 6
5916 3
5917 6
5918 5
5919 2
5920 3
5921 5
5922 6
5923 5
5924 3
5925 4
5926 3
5927 5
5928 6
5929 3
5930 3
5931 6
5932 5
5933 1
5934 7
5935 6
5936 7
5937 1
5938 3
5939 4
5940 4
5941 3
5942 3
5943 7
5944 7
5945 6
5946 7
5947 7
5948 5
5949 5
5950 4
5951 6
5952 4
5953 6
5954 6
5955 4
5956 7
5957 2
5958 3
5959 4
5960 4
5961 3
5962 3
5963 7
5964 7
5965 7
5966 4
5967 7
5968 2
5969 3
5970 3
5971 6
5972 5
5973 1
5974 7
5975 2
5976 7
5977 4
5978 7
5979 2
5980 3
5981 5
5982 6
5983 3
5984 5
5985 3
5986 2
5987 7
5988 4
5989 7
5990 7
5991 2
5992 3
5993 4
5994 5
5995 4
5996 3
5997 2
5998 7
5999 4
6000 6
6001 7
6002 1
6003 3
6004 4
6005 5
6006 4
6007 3
6008 2
6009 7
6010 7
6011 6
6012 7
6013 1
6014 3
6015 4
6016 5
6017 5
6018 7
6019 7
6020 1
6021 7
6022 6
6023 7
6024 1
6025 3
6026 4
6027 3
6028 2
6029 7
6030 3
6031 1
6032 7
6033 6
6034 7
6035 1
6036 3
6037 6
6038 5
6039 3
6040 4
6041 3
6042 1
6043 7
6044 6
6045 7
6046 1
6047 5
6048 6
6049 3
6050 5
6051 4
6052 3
6053 1
6054 7
6055 6
6056 7
6057 3
6058 3
6059 4
6060 4
6061 5
6062 4
6063 3
6064 1
6065 7
6066 6
6067 4
6068 6
6069 4
6070 3
6071 5
6072 3
6073 6
6074 5
6075 3
6076 4
6077 3
6078 3
6079 4
6080 2
6081 7
6082 2
6083 5
6084 6
6085 3
6086 6
6087 3
6088 6
6089 3
6090 7
6091 7
6092 7
6093 3
6094 3
6095 4
6096 4
6097 4
6098 3
6099 3
6100 7
6101 6
6102 7
6103 1
6104 3
6105 4
6106 5
6107 5
6108 7
6109 7
6110 6
6111 6
6112 7
6113 7
6114 5
6115 5
6116 5
6117 5
6118 5
6119 7
6120 7
6121 7
6122 6
6123 7
6124 7
6125 5
6126 5
6127 4
6128 3
6129 2
6130 1
6131 7
6132 7
6133 6
6134 7
6135 7
6136 5
6137 3
6138 6
6139 5
6140 3
6141 5
6142 7
6143 7
6144 6
6145 7
6146 7
6147 1
6148 5
6149 6
6150 4
6151 5
6152 5
6153 7
6154 7
6155 6
6156 7
6157 7
6158 3
6159 3
6160 5
6161 5
6162 5
6163 5
6164 7
6165 7
6166 6
6167 6
6168 4
6169 6
6170 5
6171 5
6172 4
6173 3
6174 1
6175 7
6176 6
6177 7
6178 3
6179 3
6180 7
6181 5
6182 3
6183 6
6184 5
6185 3
6186 4
6187 3
6188 5
6189 6
6190 7
6191 7
6192 2
6193 5
6194 6
6195 3
6196 6
6197 3
6198 6
6199 5
6200 1
6201 7
6202 6
6203 7
6204 1
6205 3
6206 4
6207 3
6208 2
6209 7
6210 7
6211 7
6212 6
6213 7
6214 7
6215 5
6216 5
6217 4
6218 3
6219 2
6220 6
6221 6
6222 4
6223 7
6224 2
6225 3
6226 4
6227 5
6228 4
6229 3
6230 7
6231 7
6232 7
6233 4
6234 7
6235 2
6236 3
6237 5
6238 3
6239 6
6240 1
6241 7
6242 2
6243 7
6244 4
6245 7
6246 2
6247 7
6248 1
6249 5
6250 3
6251 5
6252 3
6253 2
6254 7
6255 4
6256 7
6257 7
6258 7
6259 3
6260 4
6261 5
6262 4
6263 3
6264 2
6265 7
6266 4
6267 6
6268 6
6269 4
6270 3
6271 4
6272 5
6273 5
6274 7
6275 7
6276 6
6277 7
6278 7
6279 3
6280 2
6281 3
6282 4
6283 3
6284 1
6285 7
6286 6
6287 7
6288 1
6289 5
6290 7
6291 2
6292 3
6293 6
6294 5
6295 3
6296 4
6297 3
6298 5
6299 6
6300 3
6301 1
6302 7
6303 6
6304 7
6305 1
6306 3
6307 6
6308 5
6309 3
6310 1
6311 7
6312 7
6313 6
6314 7
6315 7
6316 5
6317 3
6318 6
6319 5
6320 7
6321 7
6322 7
6323 4
6324 7
6325 2
6326 3
6327 5
6328 3
6329 6
6330 6
6331 6
6332 4
6333 6
6334 3
6335 5
6336 6
6337 3
6338 5
6339 3
6340 7
6341 7
6342 7
6343 3
6344 6
6345 3
6346 5
6347 2
6348 7
6349 1
6350 1
6351 7
6352 2
6353 5
6354 3
6355 6
6356 3
6357 7
6358 7
6359 7
6360 3
6361 5
6362 3
6363 6
6364 5
6365 3
6366 6
6367 4
6368 6
6369 6
6370 6
6371 3
6372 5
6373 3
6374 2
6375 7
6376 4
6377 7
6378 7
6379 7
6380 5
6381 6
6382 3
6383 5
6384 7
6385 7
6386 6
6387 7
6388 7
6389 1
6390 3
6391 5
6392 6
6393 3
6394 1
6395 7
6396 6
6397 7
6398 1
6399 3
6400 4
6401 3
6402 1
6403 7
6404 6
6405 7
6406 1
6407 5
6408 6
6409 3
6410 3
6411 5
6412 7
6413 7
6414 6
6415 7
6416 7
6417 1
6418 5
6419 6
6420 1
6421 7
6422 2
6423 7
6424 4
6425 7
6426 2
6427 7
6428 1
6429 5
6430 7
6431 7
6432 7
6433 3
6434 6
6435 3
6436 5
6437 2
6438 7
6439 1
6440 6
6441 6
6442 4
6443 6
6444 4
6445 3
6446 6
6447 5
6448 2
6449 7
6450 7
6451 7
6452 7
6453 3
6454 3
6455 4
6456 3
6457 3
6458 7
6459 7
6460 1
6461 7
6462 2
6463 5
6464 6
6465 3
6466 4
6467 6
6468 4
6469 6
6470 5
6471 1
6472 7
6473 2
6474 5
6475 3
6476 6
6477 3
6478 7
6479 7
6480 6
6481 5
6482 1
6483 7
6484 2
6485 7
6486 4
6487 7
6488 2
6489 7
6490 3
6491 6
6492 5
6493 1
6494 7
6495 7
6496 6
6497 7
6498 7
6499 5
6500 5
6501 4
6502 3
6503 1
6504 7
6505 6
6506 7
6507 3
6508 3
6509 4
6510 4
6511 5
6512 5
6513 7
6514 7
6515 6
6516 7
6517 7
6518 3
6519 3
6520 3
6521 5
6522 3
6523 2
6524 7
6525 4
6526 7
6527 7
6528 7
6529 3
6530 1
6531 7
6532 2
6533 5
6534 3
6535 6
6536 3
6537 7
6538 7
6539 7
6540 7
6541 7
6542 7
6543 3
6544 3
6545 4
6546 3
6547 3
6548 7
6549 7
6550 6
6551 6
6552 4
6553 6
6554 4
6555 5
6556 4
6557 3
6558 3
6559 7
6560 7
6561 7
6562 7
6563 3
6564 3
6565 4
6566 5
6567 4
6568 6
6569 4
6570 3
6571 7
6572 7
6573 7
6574 3
6575 3
6576 4
6577 3
6578 3
6579 7
6580 3
6581 3
6582 7
6583 7
6584 7
6585 3
6586 6
6587 3
6588 5
6589 2
6590 4
6591 3
6592 3
6593 7
6594 7
6595 7
6596 4
6597 7
6598 2
6599 3
6600 4
6601 5
6602 4
6603 3
6604 1
6605 7
6606 6
6607 4
6608 6
6609 4
6610 5
6611 5
6612 5
6613 5
6614 7
6615 7
6616 6
6617 6
6618 4
6619 6
6620 4
6621 5
6622 4
6623 3
6624 2
6625 7
6626 4
6627 6
6628 6
6629 4
6630 3
6631 5
6632 3
6633 6
6634 5
6635 3
6636 6
6637 4
6638 6
6639 6
6640 1
6641 7
6642 2
6643 5
6644 6
6645 3
6646 4
6647 6
6648 4
6649 6
6650 7
6651 7
6652 7
6653 3
6654 3
6655 4
6656 5
6657 4
6658 6
6659 4
6660 6
6661 6
6662 4
6663 6
6664 4
6665 5
6666 1
6667 5
6668 4
6669 6
6670 4
6671 6
6672 6
6673 4
6674 6
6675 4
6676 5
6677 4
6678 3
6679 3
6680 6
6681 4
6682 6
6683 6
6684 4
6685 6
6686 4
6687 3
6688 6
6689 5
6690 4
6691 6
6692 4
6693 6
6694 6
6695 4
6696 6
6697 3
6698 5
6699 6
6700 3
6701 5
6702 3
6703 6
6704 5
6705 3
6706 4
6707 3
6708 3
6709 4
6710 5
6711 5
6712 4
6713 3
6714 1
6715 7
6716 6
6717 7
6718 3
6719 3
6720 3
6721 4
6722 5
6723 5
6724 7
6725 7
6726 6
6727 7
6728 7
6729 3
6730 6
6731 3
6732 5
6733 3
6734 2
6735 7
6736 4
6737 7
6738 7
6739 7
6740 5
6741 1
6742 7
6743 2
6744 5
6745 3
6746 6
6747 3
6748 7
6749 7
6750 3
6751 7
6752 7
6753 7
6754 3
6755 3
6756 4
6757 3
6758 3
6759 7
6760 4
6761 6
6762 6
6763 4
6764 6
6765 4
6766 5
6767 4
6768 3
6769 3
6770 3
6771 7
6772 7
6773 7
6774 3
6775 3
6776 4
6777 5
6778 4
6779 6
6780 3
6781 3
6782 7
6783 7
6784 7
6785 3
6786 3
6787 4
6788 3
6789 3
6790 4
6791 3
6792 3
6793 7
6794 7
6795 7
6796 3
6797 6
6798 3
6799 5
6800 2
6801 7
6802 2
6803 5
6804 6
6805 3
6806 6
6807 3
6808 6
6809 3
6810 7
6811 5
6812 3
6813 6
6814 5
6815 3
6816 4
6817 3
6818 5
6819 6
6820 2
6821 3
6822 4
6823 3
6824 1
6825 7
6826 6
6827 7
6828 1
6829 5
6830 5
6831 6
6832 3
6833 5
6834 7
6835 7
6836 6
6837 7
6838 7
6839 1
6840 6
6841 5
6842 1
6843 7
6844 2
6845 7
6846 4
6847 7
6848 2
6849 7
6850 3
6851 3
6852 7
6853 7
6854 7
6855 3
6856 6
6857 3
6858 5
6859 2
6860 6
6861 4
6862 6
6863 6
6864 4
6865 6
6866 4
6867 3
6868 6
6869 5
6870 3
6871 3
6872 7
6873 7
6874 7
6875 3
6876 3
6877 4
6878 3
6879 3
6880 6
6881 5
6882 1
6883 7
6884 2
6885 5
6886 6
6887 3
6888 4
6889 6
6890 3
6891 6
6892 5
6893 1
6894 7
6895 2
6896 5
6897 3
6898 6
6899 3
6900 7
6901 7
6902 7
6903 3
6904 3
6905 4
6906 4
6907 4
6908 3
6909 3
6910 7
6911 7
6912 2
6913 5
6914 6
6915 3
6916 6
6917 3
6918 6
6919 5
6920 7
6921 2
6922 3
6923 6
6924 5
6925 3
6926 4
6927 3
6928 5
6929 6
6930 3
6931 5
6932 6
6933 3
6934 1
6935 7
6936 6
6937 7
6938 1
6939 3
6940 3
6941 6
6942 5
6943 1
6944 7
6945 7
6946 6
6947 7
6948 7
6949 5
6950 4
6951 3
6952 3
6953 7
6954 7
6955 7
6956 4
6957 7
6958 2
6959 3
6960 4
6961 6
6962 4
6963 6
6964 6
6965 4
6966 6
6967 3
6968 5
6969 6
6970 4
6971 3
6972 3
6973 7
6974 7
6975 7
6976 3
6977 6
6978 3
6979 5
6980 3
6981 6
6982 5
6983 1
6984 7
6985 2
6986 5
6987 3
6988 6
6989 3
6990 3
6991 5
6992 6
6993 3
6994 5
6995 3
6996 6
6997 5
6998 3
